[6, 7, 8, 9, 10, 11]
12

[36, 49, 64, 81, 100, 121]
144

[156, 326, 156, 326, 156, 326]
156

[34, 35, 36, 37, 38, 39]
40

[1156, 1225, 1296, 1369, 1444, 1521]
1600

[461, 13, 461, 13, 461, 13]
461

[34, 35, 36, 37, 38, 39]
40

[1156, 1225, 1296, 1369, 1444, 1521]
1600

[324, 181, 324, 181, 324, 181]
324

[45, 46, 47, 48, 49, 50]
51

[2025, 2116, 2209, 2304, 2401, 2500]
2601

[4, 243, 4, 243, 4, 243]
4

[36, 37, 38, 39, 40, 41]
42

[1296, 1369, 1444, 1521, 1600, 1681]
1764

[264, 43, 264, 43, 264, 43]
264

[38, 39, 40, 41, 42, 43]
44

[1444, 1521, 1600, 1681, 1764, 1849]
1936

[323, 120, 323, 120, 323, 120]
323

[31, 32, 33, 34, 35, 36]
37

[961, 1024, 1089, 1156, 1225, 1296]
1369

[169, 465, 169, 465, 169, 465]
169

[13, 14, 15, 16, 17, 18]
19

[169, 196, 225, 256, 289, 324]
361

[335, 355, 335, 355, 335, 355]
335

[20, 21, 22, 23, 24, 25]
26

[400, 441, 484, 529, 576, 625]
676

[98, 210, 98, 210, 98, 210]
98

[29, 30, 31, 32, 33, 34]
35

[841, 900, 961, 1024, 1089, 1156]
1225

[337, 428, 337, 428, 337, 428]
337

[21, 22, 23, 24, 25, 26]
27

[441, 484, 529, 576, 625, 676]
729

[469, 75, 469, 75, 469, 75]
469

[42, 43, 44, 45, 46, 47]
48

[1764, 1849, 1936, 2025, 2116, 2209]
2304

[193, 192, 193, 192, 193, 192]
193

